player1 1 1 11836 11836 0.0
player3 7 3 42124 4664 0.028985507246376812
pdimitrov97 6 3 15552 5583 0.041666666666666664
player13 16 15 6317 4314 0.06666666666666667
player5 50 5 90000 100000 0.1
player7 11 7 10552 5034 0.14285714285714285
player6 60 6 100000 90000 0.2
player8 70 7 80000 70000 0.4
player12 27 12 19251 5141 0.5348651960784315
player9 80 8 60000 50000 0.6
player4 4 3 46075 14737 0.6666666666666666
player10 90 9 40000 30000 0.8
player2 2 1 61696 61696 0.9130434782608695
player11 100 10 20000 10000 1.0